 
  kpoint:       1             coordinate:     0.5000    0.5000    0.5000
 
    n           k   ϵ_nk^DFT (eV)     Σ^c_nk (eV)     Σ^x_nk (eV)    v_nk^xc (eV)   ϵ_nk^G0W0 (eV)
 
    1 (occ)     1          -4.522           1.334       14725.031         -10.827        14732.670
    2 (occ)     1          -1.905          -2.098       48462.061         -10.055        48468.114
    3 (occ)     1           4.107           3.053     -120919.072         -10.904      -120901.008
    4 (occ)     1           4.107           3.046     -120922.492         -10.904      -120904.434
    5 (vir)     1           8.517      -51265.771       62399.748         -10.784        11153.278
    6 (vir)     1          11.566      -43213.371       75410.817         -10.724        32219.736
    7 (vir)     1          11.566      -32495.106       75356.009         -10.724        42883.192
    8 (vir)     1          18.041      -42324.750        2879.854         -11.154       -39415.701
 
 
  kpoint:       2             coordinate:     0.4545    0.4545    0.4545
 
    n           k   ϵ_nk^DFT (eV)     Σ^c_nk (eV)     Σ^x_nk (eV)    v_nk^xc (eV)   ϵ_nk^G0W0 (eV)
 
    1 (occ)     2          -4.640           1.770       13272.325         -10.777        13280.233
    2 (occ)     2          -1.732          -1.497       46257.593         -10.114        46264.478
    3 (occ)     2           4.127           3.403     -123486.844         -10.906      -123468.409
    4 (occ)     2           4.127           3.404     -123513.595         -10.906      -123495.159
    5 (vir)     2           8.523      -52103.051       64087.267         -10.784        12003.522
    6 (vir)     2          11.533      -43775.973       77072.726         -10.726        33319.012
    7 (vir)     2          11.533      -32665.947       77094.491         -10.726        44450.804
    8 (vir)     2          17.869      -42848.323        1910.063         -11.153       -40909.239
 
 
  kpoint:       3             coordinate:     0.4091    0.4091    0.4091
 
    n           k   ϵ_nk^DFT (eV)     Σ^c_nk (eV)     Σ^x_nk (eV)    v_nk^xc (eV)   ϵ_nk^G0W0 (eV)
 
    1 (occ)     3          -4.925           3.327       11266.730         -10.684        11275.816
    2 (occ)     3          -1.283           1.480       38404.990         -10.232        38415.419
    3 (occ)     3           4.186           4.249     -129183.671         -10.910      -129164.326
    4 (occ)     3           4.186           4.252     -129153.027         -10.910      -129133.679
    5 (vir)     3           8.540        -196.159       65508.107         -10.783        65331.271
    6 (vir)     3          11.435           0.714       80788.980         -10.730        80811.860
    7 (vir)     3          11.435           0.712       80745.336         -10.730        80768.213
    8 (vir)     3          17.376         -64.911         410.074         -11.149          373.688
 
 
  kpoint:       4             coordinate:     0.3636    0.3636    0.3636
 
    n           k   ϵ_nk^DFT (eV)     Σ^c_nk (eV)     Σ^x_nk (eV)    v_nk^xc (eV)   ϵ_nk^G0W0 (eV)
 
    1 (occ)     4          -5.273       -7881.570       12029.938         -10.606         4153.701
    2 (occ)     4          -0.661       -2624.185       23646.919         -10.352        21032.426
    3 (occ)     4           4.285           4.504     -134139.369         -10.917      -134119.663
    4 (occ)     4           4.285           4.512     -134152.157         -10.917      -134132.442
    5 (vir)     4           8.570      -57996.625       62964.891         -10.782         4987.618
    6 (vir)     4          11.269      -48633.476       86075.040         -10.736        37463.569
    7 (vir)     4          11.269      -36140.033       86102.773         -10.736        49984.745
    8 (vir)     4          16.620      -47590.045        1769.144         -11.145       -45793.136
 
 
  kpoint:       5             coordinate:     0.3182    0.3182    0.3182
 
    n           k   ϵ_nk^DFT (eV)     Σ^c_nk (eV)     Σ^x_nk (eV)    v_nk^xc (eV)   ϵ_nk^G0W0 (eV)
 
    1 (occ)     5          -5.623        -830.781       16368.690         -10.550        15542.835
    2 (occ)     5           0.073        -275.446        2452.008         -10.465         2187.099
    3 (occ)     5           4.423           2.221     -136882.687         -10.929      -136865.114
    4 (occ)     5           4.423           2.222     -136877.055         -10.929      -136859.480
    5 (vir)     5           8.615      -65320.156       61585.782         -10.783        -3714.976
    6 (vir)     5          11.036      -54436.343       97960.923         -10.740        43546.355
    7 (vir)     5          11.036      -39917.059       97983.538         -10.740        58088.255
    8 (vir)     5          15.679           5.323        9148.872         -11.140         9181.014
 
 
  kpoint:       6             coordinate:     0.2727    0.2727    0.2727
 
    n           k   ϵ_nk^DFT (eV)     Σ^c_nk (eV)     Σ^x_nk (eV)    v_nk^xc (eV)   ϵ_nk^G0W0 (eV)
 
    1 (occ)     6          -5.948           1.291       23639.036         -10.513        23644.892
    2 (occ)     6           0.888          -0.183      -23202.721         -10.573       -23191.443
    3 (occ)     6           4.598           2.030     -138014.346         -10.947      -137996.771
    4 (occ)     6           4.598           2.025     -138017.219         -10.947      -137999.649
    5 (vir)     6           8.674      -80962.127       69525.743         -10.789       -11416.922
    6 (vir)     6          10.739      -67466.830      121437.057         -10.737        53991.703
    7 (vir)     6          10.739      -49475.748      121429.104         -10.737        71974.832
    8 (vir)     6          14.626           1.713       22534.379         -11.137        22561.855
 
 
  kpoint:       7             coordinate:     0.2273    0.2273    0.2273
 
    n           k   ϵ_nk^DFT (eV)     Σ^c_nk (eV)     Σ^x_nk (eV)    v_nk^xc (eV)   ϵ_nk^G0W0 (eV)
 
    1 (occ)     7          -6.233           0.748       33315.136         -10.489        33320.140
    2 (occ)     7           1.769          -5.779      -49061.081         -10.680       -49054.411
    3 (occ)     7           4.806           4.012     -136645.804         -10.971      -136626.014
    4 (occ)     7           4.806           4.009     -136658.335         -10.971      -136638.548
    5 (vir)     7           8.747     -101983.076       86226.780         -10.799       -15736.750
    6 (vir)     7          10.389      -84983.878      152970.024         -10.726        68007.261
    7 (vir)     7          10.389      -62320.057      152964.691         -10.726        90665.749
    8 (vir)     7          13.524           6.783       36708.106         -11.134        36739.546
 
 
  kpoint:       8             coordinate:     0.1818    0.1818    0.1818
 
    n           k   ϵ_nk^DFT (eV)     Σ^c_nk (eV)     Σ^x_nk (eV)    v_nk^xc (eV)   ϵ_nk^G0W0 (eV)
 
    1 (occ)     8          -6.472           1.231       44633.791         -10.475        44639.025
    2 (occ)     8           2.699          -4.907      -68678.839         -10.787       -68670.259
    3 (occ)     8           5.040           4.308     -129198.747         -11.004      -129178.395
    4 (occ)     8           5.040           4.293     -129223.203         -11.004      -129202.866
    5 (vir)     8           8.829           7.180      104437.402         -10.814       104464.225
    6 (vir)     8          10.005           1.418      182530.964         -10.703       182553.090
    7 (vir)     8          10.005           1.416      182529.265         -10.703       182551.390
    8 (vir)     8          12.414           3.338       43139.093         -11.131        43165.976
 
 
  kpoint:       9             coordinate:     0.1364    0.1364    0.1364
 
    n           k   ϵ_nk^DFT (eV)     Σ^c_nk (eV)     Σ^x_nk (eV)    v_nk^xc (eV)   ϵ_nk^G0W0 (eV)
 
    1 (occ)     9          -6.660           3.368       55674.812         -10.467        55681.987
    2 (occ)     9           3.657          -1.771      -76409.607         -10.895       -76396.826
    3 (occ)     9           5.284           4.185     -114464.645         -11.047      -114444.129
    4 (occ)     9           5.284           4.189     -114470.088         -11.047      -114449.569
    5 (vir)     9           8.914           3.619      122394.613         -10.828       122417.973
    6 (vir)     9           9.619           1.528      205272.073         -10.667       205293.887
    7 (vir)     9           9.619           1.529      205284.397         -10.667       205306.212
    8 (vir)     9          11.333           7.800       36114.836         -11.128        36145.097
 
 
  kpoint:      10             coordinate:     0.0909    0.0909    0.0909
 
    n           k   ϵ_nk^DFT (eV)     Σ^c_nk (eV)     Σ^x_nk (eV)    v_nk^xc (eV)   ϵ_nk^G0W0 (eV)
 
    1 (occ)    10          -6.795           3.629       64042.511         -10.464        64049.809
    2 (occ)    10           4.594          -1.892      -70596.131         -11.001       -70582.428
    3 (occ)    10           5.512           3.374      -98493.035         -11.096       -98473.052
    4 (occ)    10           5.512           3.398      -98436.801         -11.096       -98416.795
    5 (vir)    10           8.984       -6385.359      142258.318         -10.818       135892.761
    6 (vir)    10           9.273           1.627      225841.243         -10.621       225862.764
    7 (vir)    10           9.273           1.626      225853.909         -10.621       225875.430
    8 (vir)    10          10.328       -2127.368       19123.488         -11.135        17017.582
 
 
  kpoint:      11             coordinate:     0.0455    0.0455    0.0455
 
    n           k   ϵ_nk^DFT (eV)     Σ^c_nk (eV)     Σ^x_nk (eV)    v_nk^xc (eV)   ϵ_nk^G0W0 (eV)
 
    1 (occ)    11          -6.877           3.392       68629.834         -10.463        68636.812
    2 (occ)    11           5.393           2.736      -54581.129         -11.102       -54561.897
    3 (occ)    11           5.684           2.406      -89567.810         -11.142       -89548.578
    4 (occ)    11           5.684           2.411      -89552.779         -11.142       -89533.543
    5 (vir)    11           9.004     -172428.944      135807.040         -10.699       -36602.201
    6 (vir)    11           9.024     -147718.163      246551.179         -10.578        98852.618
    7 (vir)    11           9.024     -114775.382      246536.407         -10.578       131780.627
    8 (vir)    11           9.528     -144974.163       24149.782         -11.225      -120803.628
 
 
  kpoint:      12             coordinate:     0.0000    0.0000    0.0000
 
    n           k   ϵ_nk^DFT (eV)     Σ^c_nk (eV)     Σ^x_nk (eV)    v_nk^xc (eV)   ϵ_nk^G0W0 (eV)
 
    1 (occ)    12          -6.904           3.078       69973.840         -10.463        69980.477
    2 (occ)    12           5.749       14344.894      -87822.481         -11.162       -73460.675
    3 (occ)    12           5.749           2.032      -87753.507         -11.162       -87734.564
    4 (occ)    12           5.750        4783.335      -43045.416         -11.158       -38245.173
    5 (vir)    12           8.929     -121068.941       47866.922         -10.554       -73182.536
    6 (vir)    12           8.932     -107773.401      256547.189         -10.558       148793.278
    7 (vir)    12           8.932      -76282.603      256574.843         -10.558       180311.731
    8 (vir)    12           9.255          -5.465      108311.952         -11.340       108327.082
 
 
  kpoint:      13             coordinate:     0.0000    0.0455    0.0455
 
    n           k   ϵ_nk^DFT (eV)     Σ^c_nk (eV)     Σ^x_nk (eV)    v_nk^xc (eV)   ϵ_nk^G0W0 (eV)
 
    1 (occ)    13          -6.868           3.480       64029.114         -10.463        64036.189
    2 (occ)    13           5.479           2.794      -82742.961         -11.165       -82723.523
    3 (occ)    13           5.556           2.537      -96420.506         -11.096       -96401.317
    4 (occ)    13           5.556           4.629      -66482.229         -11.094       -66460.951
    5 (vir)    13           8.880     -156466.322      166894.878         -10.532        10447.968
    6 (vir)    13           9.189     -169297.043      117963.427         -10.618       -51313.809
    7 (vir)    13           9.190     -145085.015      241923.064         -10.621        96857.861
    8 (vir)    13           9.504     -156949.460      109480.656         -11.331       -47447.969
 
 
  kpoint:      14             coordinate:     0.0000    0.0909    0.0909
 
    n           k   ϵ_nk^DFT (eV)     Σ^c_nk (eV)     Σ^x_nk (eV)    v_nk^xc (eV)   ϵ_nk^G0W0 (eV)
 
    1 (occ)    14          -6.759           4.474       47379.597         -10.464        47387.776
    2 (occ)    14           4.831           1.061     -105051.659         -11.166      -105034.602
    3 (occ)    14           5.107           1.318     -123081.660         -10.977      -123064.259
    4 (occ)    14           5.107           0.635      -85820.252         -10.974       -85803.535
    5 (vir)    14           8.745      -94211.595      121139.772         -10.464        26947.386
    6 (vir)    14           9.832     -107210.274      112231.405         -10.729         5041.691
    7 (vir)    14           9.833     -103376.043      207345.905         -10.732       103990.427
    8 (vir)    14          10.076     -101599.304      108694.943         -11.312         7117.027
 
 
  kpoint:      15             coordinate:     0.0000    0.1364    0.1364
 
    n           k   ϵ_nk^DFT (eV)     Σ^c_nk (eV)     Σ^x_nk (eV)    v_nk^xc (eV)   ϵ_nk^G0W0 (eV)
 
    1 (occ)    15          -6.577          -0.829       23502.632         -10.468        23505.693
    2 (occ)    15           4.020          -0.309     -125928.084         -11.156      -125913.216
    3 (occ)    15           4.580          -0.449     -154005.742         -10.869      -153990.743
    4 (occ)    15           4.580          -1.730     -102178.944         -10.866      -102165.229
    5 (vir)    15           8.565      -14427.360       70102.263         -10.375        55693.844
    6 (vir)    15          10.673           4.279       98446.493         -10.825        98472.270
    7 (vir)    15          10.675           1.952      159751.410         -10.827       159774.864
    8 (vir)    15          10.721       -4807.043       96558.199         -11.284        91773.160
 
 
  kpoint:      16             coordinate:     0.0000    0.1818    0.1818
 
    n           k   ϵ_nk^DFT (eV)     Σ^c_nk (eV)     Σ^x_nk (eV)    v_nk^xc (eV)   ϵ_nk^G0W0 (eV)
 
    1 (occ)    16          -6.324          -0.891       -2293.171         -10.476        -2289.911
    2 (occ)    16           3.149          -0.574     -132748.635         -11.135      -132734.925
    3 (occ)    16           4.063          -1.216     -107585.559         -10.776      -107571.935
    4 (occ)    16           4.063          -0.884     -172112.549         -10.779      -172098.592
    5 (vir)    16           8.388      -13754.412       31692.554         -10.285        17956.815
    6 (vir)    16          11.279       -4580.614       80881.476         -11.241        76323.382
    7 (vir)    16          11.612          10.395       66124.712         -10.899        66157.618
    8 (vir)    16          11.613           2.176      103569.024         -10.903       103593.715
 
 
  kpoint:      17             coordinate:     0.0000    0.2273    0.2273
 
    n           k   ϵ_nk^DFT (eV)     Σ^c_nk (eV)     Σ^x_nk (eV)    v_nk^xc (eV)   ϵ_nk^G0W0 (eV)
 
    1 (occ)    17          -6.001          -5.758      -24012.145         -10.489       -24013.414
    2 (occ)    17           2.260          -2.378     -120288.960         -11.102      -120277.976
    3 (occ)    17           3.593          -0.913     -100740.601         -10.701      -100727.219
    4 (occ)    17           3.594          -0.797     -171054.223         -10.704      -171040.723
    5 (vir)    17           8.253      -11646.602       12402.164         -10.210          774.026
    6 (vir)    17          11.650           6.608       52720.740         -11.171        52750.169
    7 (vir)    17          12.588       -3876.146       34969.046         -10.959        31116.447
    8 (vir)    17          12.590          11.555       47657.507         -10.962        47692.614
 
 
  kpoint:      18             coordinate:     0.0000    0.2727    0.2727
 
    n           k   ϵ_nk^DFT (eV)     Σ^c_nk (eV)     Σ^x_nk (eV)    v_nk^xc (eV)   ϵ_nk^G0W0 (eV)
 
    1 (occ)    18          -5.608          -1.881      -36600.968         -10.509       -36597.948
    2 (occ)    18           1.373          -4.080      -91033.702         -11.057       -91025.352
    3 (occ)    18           3.187          -0.759      -84836.992         -10.639       -84823.925
    4 (occ)    18           3.188          -0.668     -154607.704         -10.641      -154594.543
    5 (vir)    18           8.192       -4143.544       10867.156         -10.160         6741.964
    6 (vir)    18          11.770          11.028       26710.884         -11.071        26744.754
    7 (vir)    18          13.556       -2621.061        8699.746         -11.007         6103.248
    8 (vir)    18          13.557       -2251.192        3730.853         -11.011         1504.229
 
 
  kpoint:      19             coordinate:     0.0000    0.3182    0.3182
 
    n           k   ϵ_nk^DFT (eV)     Σ^c_nk (eV)     Σ^x_nk (eV)    v_nk^xc (eV)   ϵ_nk^G0W0 (eV)
 
    1 (occ)    19          -5.149          -1.525      -37428.711         -10.537       -37424.848
    2 (occ)    19           0.499          -3.915      -52852.028         -11.001       -52844.442
    3 (occ)    19           2.852          -0.759      -64833.160         -10.589       -64820.479
    4 (occ)    19           2.852          -0.499     -130842.392         -10.591      -130829.448
    5 (vir)    19           8.226        6313.907       22252.502         -10.140        28584.775
    6 (vir)    19          11.622        8413.405       13029.390         -10.942        21465.358
    7 (vir)    19          14.465           6.048       -6441.627         -11.046        -6410.068
    8 (vir)    19          14.466        4911.120      -18937.423         -11.050       -14000.787
 
 
  kpoint:      20             coordinate:     0.0000    0.3636    0.3636
 
    n           k   ϵ_nk^DFT (eV)     Σ^c_nk (eV)     Σ^x_nk (eV)    v_nk^xc (eV)   ϵ_nk^G0W0 (eV)
 
    1 (occ)    20          -4.625           1.651      -27061.986         -10.572       -27054.388
    2 (occ)    20          -0.352           0.022      -15533.337         -10.936       -15522.732
    3 (occ)    20           2.590           0.280      -45368.042         -10.549       -45354.623
    4 (occ)    20           2.590           0.068     -107043.104         -10.552      -107029.895
    5 (vir)    20           8.372        3199.227       40090.817         -10.150        43308.566
    6 (vir)    20          11.241           4.700       16217.621         -10.793        16244.355
    7 (vir)    20          15.260        1065.148       -9617.121         -11.077        -8525.637
    8 (vir)    20          15.262          -8.485      -19316.513         -11.081       -19298.656
 
 
  kpoint:      21             coordinate:     0.0000    0.4091    0.4091
 
    n           k   ϵ_nk^DFT (eV)     Σ^c_nk (eV)     Σ^x_nk (eV)    v_nk^xc (eV)   ϵ_nk^G0W0 (eV)
 
    1 (occ)    21          -4.040       -4127.239       -9196.063         -10.616       -13316.726
    2 (occ)    21          -1.175       -1373.436       12371.752         -10.866        11008.007
    3 (occ)    21           2.402           5.550      -29741.471         -10.521       -29722.997
    4 (occ)    21           2.402           1.381      -87799.042         -10.523       -87784.735
    5 (vir)    21           8.640      -10755.268       57123.728         -10.191        46387.291
    6 (vir)    21          10.705       -3597.388       32218.167         -10.638        28642.122
    7 (vir)    21          15.884         -12.136       -4826.152         -11.099        -4811.304
    8 (vir)    21          15.886       -4788.264       -5754.402         -11.103       -10515.677
 
 
  kpoint:      22             coordinate:     0.0000    0.4545    0.4545
 
    n           k   ϵ_nk^DFT (eV)     Σ^c_nk (eV)     Σ^x_nk (eV)    v_nk^xc (eV)   ϵ_nk^G0W0 (eV)
 
    1 (occ)    22          -3.398       -8579.183       10117.609         -10.669         1545.696
    2 (occ)    22          -1.960       -2857.871       25731.594         -10.796        22882.559
    3 (occ)    22           2.290           3.602      -19822.888         -10.505       -19806.492
    4 (occ)    22           2.290           1.968      -75491.309         -10.507       -75476.544
    5 (vir)    22           9.030      -17787.641       66739.316         -10.262        48970.967
    6 (vir)    22          10.108       -6547.220       51498.211         -10.491        44971.590
    7 (vir)    22          16.284       -8100.541        1669.861         -11.113        -6403.282
    8 (vir)    22          16.286      -10811.801        9138.048         -11.117        -1646.350
 
 
  kpoint:      23             coordinate:     0.0000    0.5000    0.5000
 
    n           k   ϵ_nk^DFT (eV)     Σ^c_nk (eV)     Σ^x_nk (eV)    v_nk^xc (eV)   ϵ_nk^G0W0 (eV)
 
    1 (occ)    23          -2.705           0.692       23022.631         -10.729        23031.346
    2 (occ)    23          -2.702          -0.168       24641.886         -10.730        24649.746
    3 (occ)    23           2.252           0.491      -16443.573         -10.499       -16430.331
    4 (occ)    23           2.253           1.753      -71268.021         -10.501       -71253.515
    5 (vir)    23           9.528      -23936.539       77729.315         -10.362        53812.666
    6 (vir)    23           9.532      -14632.177       51839.990         -10.366        37227.711
    7 (vir)    23          16.422      -17962.081        4523.280         -11.118       -13411.261
    8 (vir)    23          16.424      -18843.599       15314.782         -11.122        -3501.272
 
 
  kpoint:      24             coordinate:     0.0227    0.5114    0.5114
 
    n           k   ϵ_nk^DFT (eV)     Σ^c_nk (eV)     Σ^x_nk (eV)    v_nk^xc (eV)   ϵ_nk^G0W0 (eV)
 
    1 (occ)    24          -2.706           0.955       22767.170         -10.731        22776.149
    2 (occ)    24          -2.697          -0.103       24600.612         -10.730        24608.542
    3 (occ)    24           2.225           1.187      -16957.083         -10.488       -16943.182
    4 (occ)    24           2.257           1.779      -71527.371         -10.502       -71512.833
    5 (vir)    24           9.531      -23880.674       77564.792         -10.362        53704.011
    6 (vir)    24           9.583      -14451.108       52159.711         -10.376        37728.561
    7 (vir)    24          16.410      -14220.538       15140.277         -11.121          947.269
    8 (vir)    24          16.418      -17517.440        4207.737         -11.117       -13282.168
 
 
  kpoint:      25             coordinate:     0.0455    0.5227    0.5227
 
    n           k   ϵ_nk^DFT (eV)     Σ^c_nk (eV)     Σ^x_nk (eV)    v_nk^xc (eV)   ϵ_nk^G0W0 (eV)
 
    1 (occ)    25          -2.712           2.726       21976.343         -10.738        21987.096
    2 (occ)    25          -2.682           0.098       24498.388         -10.731        24506.534
    3 (occ)    25           2.147           6.221      -18366.436         -10.456       -18347.613
    4 (occ)    25           2.269           1.859      -72298.475         -10.505       -72283.843
    5 (vir)    25           9.537      -23705.941       77049.512         -10.365        53363.473
    6 (vir)    25           9.733      -13940.454       52992.673         -10.404        39072.356
    7 (vir)    25          16.369      -13714.593       14616.252         -11.118          929.146
    8 (vir)    25          16.405      -17120.329        3365.729         -11.116       -13727.080
 
 
  kpoint:      26             coordinate:     0.0682    0.5341    0.5341
 
    n           k   ϵ_nk^DFT (eV)     Σ^c_nk (eV)     Σ^x_nk (eV)    v_nk^xc (eV)   ϵ_nk^G0W0 (eV)
 
    1 (occ)    26          -2.721          -3.880       20686.694         -10.749        20690.843
    2 (occ)    26          -2.658           0.458       24292.855         -10.732        24301.386
    3 (occ)    26           2.026          -0.478      -20331.041         -10.407       -20319.087
    4 (occ)    26           2.289           1.987      -73561.244         -10.509       -73546.459
    5 (vir)    26           9.547      -23377.141       76159.083         -10.369        52801.859
    6 (vir)    26           9.971      -13174.732       53974.564         -10.446        40820.249
    7 (vir)    26          16.301      -12984.491       13745.532         -11.113          788.454
    8 (vir)    26          16.384      -16512.122        2278.201         -11.113       -14206.424
 
 
  kpoint:      27             coordinate:     0.0909    0.5455    0.5455
 
    n           k   ϵ_nk^DFT (eV)     Σ^c_nk (eV)     Σ^x_nk (eV)    v_nk^xc (eV)   ϵ_nk^G0W0 (eV)
 
    1 (occ)    27          -2.735          -0.727       18948.488         -10.765        18955.790
    2 (occ)    27          -2.624           1.051       23932.419         -10.733        23941.580
    3 (occ)    27           1.873          -5.387      -22423.992         -10.346       -22417.160
    4 (occ)    27           2.318           2.155      -75284.515         -10.515       -75269.527
    5 (vir)    27           9.562      -22330.330       74864.448         -10.375        52554.054
    6 (vir)    27          10.283      -11559.077       54634.318         -10.497        43096.023
    7 (vir)    27          16.207      -11231.593       12545.737         -11.106         1341.458
    8 (vir)    27          16.354      -15040.333        1314.652         -11.109       -13698.218
 
 
  kpoint:      28             coordinate:     0.1136    0.5568    0.5568
 
    n           k   ϵ_nk^DFT (eV)     Σ^c_nk (eV)     Σ^x_nk (eV)    v_nk^xc (eV)   ϵ_nk^G0W0 (eV)
 
    1 (occ)    28          -2.756           1.187       16827.059         -10.783        16836.273
    2 (occ)    28          -2.579           2.073       23365.247         -10.734        23375.475
    3 (occ)    28           1.700          -0.859      -24256.862         -10.278       -24245.743
    4 (occ)    28           2.355           2.346      -77428.891         -10.523       -77413.667
    5 (vir)    28           9.580        -263.587       73153.297         -10.382        72909.672
    6 (vir)    28          10.654          -0.037       54507.941         -10.554        54529.112
    7 (vir)    28          16.088        -364.814       11063.678         -11.098        10726.050
    8 (vir)    28          16.318        -209.479         819.551         -11.104          637.493
 
 
  kpoint:      29             coordinate:     0.1364    0.5682    0.5682
 
    n           k   ϵ_nk^DFT (eV)     Σ^c_nk (eV)     Σ^x_nk (eV)    v_nk^xc (eV)   ϵ_nk^G0W0 (eV)
 
    1 (occ)    29          -2.785       -7515.478       14402.868         -10.804         6895.409
    2 (occ)    29          -2.525       -2503.959       22549.589         -10.736        20053.841
    3 (occ)    29           1.520           1.083      -25563.522         -10.208       -25550.711
    4 (occ)    29           2.399           2.518      -79949.610         -10.533       -79934.160
    5 (vir)    29           9.603       -3148.282       71047.151         -10.391        67918.864
    6 (vir)    29          11.065           1.093       53220.243         -10.613        53243.014
    7 (vir)    29          15.945       -1052.228        9387.216         -11.088         8362.021
    8 (vir)    29          16.274          -9.494        1009.734         -11.098         1027.611
 
 
  kpoint:      30             coordinate:     0.1591    0.5795    0.5795
 
    n           k   ϵ_nk^DFT (eV)     Σ^c_nk (eV)     Σ^x_nk (eV)    v_nk^xc (eV)   ϵ_nk^G0W0 (eV)
 
    1 (occ)    30          -2.823       -7154.715       11770.455         -10.825         4623.741
    2 (occ)    30          -2.461       -2384.775       21461.883         -10.739        19085.385
    3 (occ)    30           1.343          -2.205      -26237.660         -10.138       -26228.384
    4 (occ)    30           2.452           2.596      -82798.704         -10.544       -82783.113
    5 (vir)    30           9.629       -2551.606       68610.993         -10.403        66079.419
    6 (vir)    30          11.502           2.459       50532.875         -10.670        50557.506
    7 (vir)    30          15.780        -836.215        7649.663         -11.076         6840.304
    8 (vir)    30          16.224       -1128.454        1914.577         -11.092          813.439
 
 
  kpoint:      31             coordinate:     0.1818    0.5909    0.5909
 
    n           k   ϵ_nk^DFT (eV)     Σ^c_nk (eV)     Σ^x_nk (eV)    v_nk^xc (eV)   ϵ_nk^G0W0 (eV)
 
    1 (occ)    31          -2.874       -6702.280        9036.051         -10.845         2341.742
    2 (occ)    31          -2.387       -2234.111       20099.277         -10.741        17873.520
    3 (occ)    31           1.176          -2.539      -26334.662         -10.073       -26325.952
    4 (occ)    31           2.512           2.486      -85925.874         -10.557       -85910.319
    5 (vir)    31           9.658       -2015.433       65952.747         -10.416        63957.387
    6 (vir)    31          11.947           4.611       46372.465         -10.725        46399.748
    7 (vir)    31          15.595        -663.044        6023.971         -11.063         5387.585
    8 (vir)    31          16.168        -891.289        3375.308         -11.085         2511.273
 
 
  kpoint:      32             coordinate:     0.2045    0.6023    0.6023
 
    n           k   ϵ_nk^DFT (eV)     Σ^c_nk (eV)     Σ^x_nk (eV)    v_nk^xc (eV)   ϵ_nk^G0W0 (eV)
 
    1 (occ)    32          -2.938       -6161.077        6311.554         -10.861          158.401
    2 (occ)    32          -2.304       -2053.671       18475.803         -10.744        16430.573
    3 (occ)    32           1.028          -2.064      -26047.897         -10.014       -26038.919
    4 (occ)    32           2.580           2.129      -89277.905         -10.571       -89262.624
    5 (vir)    32           9.690       -1569.151       63212.909         -10.431        61663.879
    6 (vir)    32          12.388           8.967       40847.519         -10.775        40879.649
    7 (vir)    32          15.391        -516.081        4707.031         -11.048         4217.389
    8 (vir)    32          16.107          11.940        5099.770         -11.078         5138.895
 
 
  kpoint:      33             coordinate:     0.2273    0.6136    0.6136
 
    n           k   ϵ_nk^DFT (eV)     Σ^c_nk (eV)     Σ^x_nk (eV)    v_nk^xc (eV)   ϵ_nk^G0W0 (eV)
 
    1 (occ)    33          -3.017       -5540.128        3702.761         -10.873        -1829.511
    2 (occ)    33          -2.210       -1846.652       16613.246         -10.748        14775.132
    3 (occ)    33           0.902          -1.387      -25665.912          -9.966       -25656.431
    4 (occ)    33           2.655           1.559      -92796.887         -10.587       -92782.086
    5 (vir)    33           9.724       -1303.049       60547.387         -10.448        59264.508
    6 (vir)    33          12.808          12.284       34253.184         -10.821        34289.097
    7 (vir)    33          15.171        -429.003        3897.504         -11.032         3494.704
    8 (vir)    33          16.043           3.755        6751.358         -11.071         6782.227
 
 
  kpoint:      34             coordinate:     0.2500    0.6250    0.6250
 
    n           k   ϵ_nk^DFT (eV)     Σ^c_nk (eV)     Σ^x_nk (eV)    v_nk^xc (eV)   ϵ_nk^G0W0 (eV)
 
    1 (occ)    34          -3.112       -4845.254        1292.580         -10.877        -3544.908
    2 (occ)    34          -2.106       -1615.043       14529.284         -10.751        12922.887
    3 (occ)    34           0.804          -0.757      -25517.440          -9.928       -25507.465
    4 (occ)    34           2.738           0.883      -96417.940         -10.605       -96403.715
    5 (vir)    34           9.759       -2681.806       58108.176         -10.466        55446.596
    6 (vir)    34          13.198           3.868       27056.769         -10.862        27084.696
    7 (vir)    34          14.936       -3590.718        3772.652         -11.016          207.887
    8 (vir)    34          15.975       -2089.552        8041.412         -11.064         5978.900
 
