 
  kpoint:       1             coordinate:     0.5000    0.5000    0.5000
 
    n           k   ϵ_nk^DFT (eV)     Σ^c_nk (eV)     Σ^x_nk (eV)    v_nk^xc (eV)   ϵ_nk^G0W0 (eV)
 
    1 (occ)     1          -4.529           0.960        -720.341         -10.822         -713.088
    2 (occ)     1          -1.891         -12.473       -1894.219         -10.059        -1898.524
    3 (occ)     1           4.107         -11.898       -1164.383         -10.911        -1161.263
    4 (occ)     1           4.107         -11.898       -1164.383         -10.911        -1161.263
    5 (vir)     1           8.499        -573.894         219.578         -10.767         -335.050
    6 (vir)     1          11.567        -535.842         658.222         -10.729          144.677
    7 (vir)     1          11.567        -485.105         658.222         -10.729          195.414
    8 (vir)     1          18.048        -531.614         300.443         -11.150         -201.972
 
 
  kpoint:       2             coordinate:     0.4545    0.4545    0.4545
 
    n           k   ϵ_nk^DFT (eV)     Σ^c_nk (eV)     Σ^x_nk (eV)    v_nk^xc (eV)   ϵ_nk^G0W0 (eV)
 
    1 (occ)     2          -4.646           0.944        -747.920         -10.773         -740.849
    2 (occ)     2          -1.719         -12.486       -1847.026         -10.117        -1851.115
    3 (occ)     2           4.127         -11.591       -1156.251         -10.912        -1152.803
    4 (occ)     2           4.127         -11.591       -1156.251         -10.912        -1152.802
    5 (vir)     2           8.505        -575.367         229.744         -10.766         -326.351
    6 (vir)     2          11.535        -535.505         665.396         -10.731          152.156
    7 (vir)     2          11.535        -482.357         665.396         -10.731          205.305
    8 (vir)     2          17.876        -531.076         289.881         -11.149         -212.170
 
 
  kpoint:       3             coordinate:     0.4091    0.4091    0.4091
 
    n           k   ϵ_nk^DFT (eV)     Σ^c_nk (eV)     Σ^x_nk (eV)    v_nk^xc (eV)   ϵ_nk^G0W0 (eV)
 
    1 (occ)     3          -4.929           0.741        -784.036         -10.682         -777.542
    2 (occ)     3          -1.272         -12.577       -1754.929         -10.234        -1758.543
    3 (occ)     3           4.187         -10.779       -1136.476         -10.916        -1132.153
    4 (occ)     3           4.187         -10.779       -1136.476         -10.916        -1132.153
    5 (vir)     3           8.522        -577.297         250.516         -10.765         -307.494
    6 (vir)     3          11.436        -532.622         682.369         -10.736          171.920
    7 (vir)     3          11.436        -473.056         682.369         -10.736          231.486
    8 (vir)     3          17.383        -527.658         259.161         -11.146         -239.969
 
 
  kpoint:       4             coordinate:     0.3636    0.3636    0.3636
 
    n           k   ϵ_nk^DFT (eV)     Σ^c_nk (eV)     Σ^x_nk (eV)    v_nk^xc (eV)   ϵ_nk^G0W0 (eV)
 
    1 (occ)     4          -5.276           0.514        -791.707         -10.605         -785.864
    2 (occ)     4          -0.651         -12.694       -1661.527         -10.353        -1664.519
    3 (occ)     4           4.286          -9.819       -1114.570         -10.924        -1109.179
    4 (occ)     4           4.286          -9.819       -1114.570         -10.924        -1109.179
    5 (vir)     4           8.553        -573.444         267.569         -10.763         -286.559
    6 (vir)     4          11.271        -522.437         697.655         -10.742          197.231
    7 (vir)     4          11.271        -454.427         697.655         -10.742          265.241
    8 (vir)     4          16.628        -516.769         210.351         -11.142         -278.648
 
 
  kpoint:       5             coordinate:     0.3182    0.3182    0.3182
 
    n           k   ϵ_nk^DFT (eV)     Σ^c_nk (eV)     Σ^x_nk (eV)    v_nk^xc (eV)   ϵ_nk^G0W0 (eV)
 
    1 (occ)     5          -5.625           0.197        -775.858         -10.550         -770.736
    2 (occ)     5           0.081         -12.572       -1567.835         -10.464        -1569.862
    3 (occ)     5           4.424          -9.061       -1095.645         -10.935        -1089.347
    4 (occ)     5           4.424          -9.061       -1095.645         -10.935        -1089.347
    5 (vir)     5           8.597        -558.101         288.460         -10.764         -250.280
    6 (vir)     5          11.038        -500.739         699.774         -10.745          220.819
    7 (vir)     5          11.038        -424.257         699.775         -10.745          297.301
    8 (vir)     5          15.687        -494.365         144.833         -11.138         -322.707
 
 
  kpoint:       6             coordinate:     0.2727    0.2727    0.2727
 
    n           k   ϵ_nk^DFT (eV)     Σ^c_nk (eV)     Σ^x_nk (eV)    v_nk^xc (eV)   ϵ_nk^G0W0 (eV)
 
    1 (occ)     6          -5.949          -0.373        -743.004         -10.513         -738.814
    2 (occ)     6           0.896         -11.880       -1468.983         -10.572        -1469.395
    3 (occ)     6           4.598          -8.514       -1074.682         -10.953        -1067.646
    4 (occ)     6           4.598          -8.514       -1074.682         -10.953        -1067.646
    5 (vir)     6           8.655        -532.752         346.298         -10.769         -167.030
    6 (vir)     6          10.741        -469.605         687.953         -10.743          239.832
    7 (vir)     6          10.741        -385.410         687.953         -10.743          324.027
    8 (vir)     6          14.635        -462.589          62.370         -11.136         -374.448
 
 
  kpoint:       7             coordinate:     0.2273    0.2273    0.2273
 
    n           k   ϵ_nk^DFT (eV)     Σ^c_nk (eV)     Σ^x_nk (eV)    v_nk^xc (eV)   ϵ_nk^G0W0 (eV)
 
    1 (occ)     7          -6.234          -1.371        -689.034         -10.489         -686.150
    2 (occ)     7           1.776         -10.598       -1366.956         -10.678        -1365.100
    3 (occ)     7           4.806          -7.725       -1040.854         -10.977        -1032.795
    4 (occ)     7           4.806          -7.725       -1040.854         -10.977        -1032.795
    5 (vir)     7           8.727        -511.492         468.843         -10.779          -23.142
    6 (vir)     7          10.391        -442.322         680.311         -10.732          259.113
    7 (vir)     7          10.391        -350.094         680.312         -10.732          351.340
    8 (vir)     7          13.533        -434.636         -37.185         -11.134         -447.154
 
 
  kpoint:       8             coordinate:     0.1818    0.1818    0.1818
 
    n           k   ϵ_nk^DFT (eV)     Σ^c_nk (eV)     Σ^x_nk (eV)    v_nk^xc (eV)   ϵ_nk^G0W0 (eV)
 
    1 (occ)     8          -6.472          -3.187        -605.679         -10.475         -604.863
    2 (occ)     8           2.706          -9.095       -1270.143         -10.784        -1265.748
    3 (occ)     8           5.039          -3.782        -990.489         -11.010         -978.221
    4 (occ)     8           5.039          -3.782        -990.489         -11.010         -978.221
    5 (vir)     8           8.809        -518.199         641.195         -10.793          142.599
    6 (vir)     8          10.008        -440.511         710.394         -10.709          290.600
    7 (vir)     8          10.008        -336.928         710.394         -10.709          394.183
    8 (vir)     8          12.425        -431.879        -149.494         -11.132         -557.816
 
 
  kpoint:       9             coordinate:     0.1364    0.1364    0.1364
 
    n           k   ϵ_nk^DFT (eV)     Σ^c_nk (eV)     Σ^x_nk (eV)    v_nk^xc (eV)   ϵ_nk^G0W0 (eV)
 
    1 (occ)     9          -6.660          -6.417        -493.653         -10.467         -496.263
    2 (occ)     9           3.664          -7.678       -1189.766         -10.890        -1182.889
    3 (occ)     9           5.283           5.918        -938.294         -11.053         -916.040
    4 (occ)     9           5.283           5.918        -938.294         -11.053         -916.041
    5 (vir)     9           8.893        -572.543         804.485         -10.805          251.640
    6 (vir)     9           9.622        -481.116         808.240         -10.673          347.420
    7 (vir)     9           9.622        -359.214         808.240         -10.673          469.322
    8 (vir)     9          11.344        -470.958        -260.904         -11.131         -709.386
 
 
  kpoint:      10             coordinate:     0.0909    0.0909    0.0909
 
    n           k   ϵ_nk^DFT (eV)     Σ^c_nk (eV)     Σ^x_nk (eV)    v_nk^xc (eV)   ϵ_nk^G0W0 (eV)
 
    1 (occ)    10          -6.795         -11.515        -372.098         -10.464         -379.945
    2 (occ)    10           4.601          -6.457       -1138.170         -10.995        -1129.031
    3 (occ)    10           5.511           7.006        -912.130         -11.102         -888.512
    4 (occ)    10           5.511           7.006        -912.130         -11.102         -888.511
    5 (vir)    10           8.962        -673.674         897.423         -10.795          243.506
    6 (vir)    10           9.277        -563.069         972.444         -10.628          429.280
    7 (vir)    10           9.277        -415.594         972.444         -10.628          576.755
    8 (vir)    10          10.340         -10.039        -343.279         -11.140         -331.839
 
 
  kpoint:      11             coordinate:     0.0455    0.0455    0.0455
 
    n           k   ϵ_nk^DFT (eV)     Σ^c_nk (eV)     Σ^x_nk (eV)    v_nk^xc (eV)   ϵ_nk^G0W0 (eV)
 
    1 (occ)    11          -6.877          -0.691        -275.726         -10.463         -272.831
    2 (occ)    11           5.398          -5.666       -1128.585         -11.094        -1117.758
    3 (occ)    11           5.682           1.796        -922.949         -11.147         -904.323
    4 (occ)    11           5.682           1.796        -922.949         -11.147         -904.323
    5 (vir)    11           8.983           5.843         839.403         -10.682          864.912
    6 (vir)    11           9.029           1.864        1145.912         -10.585         1167.388
    7 (vir)    11           9.029          -3.443        1145.912         -10.585         1162.082
    8 (vir)    11           9.539           1.421        -293.569         -11.226         -271.383
 
 
  kpoint:      12             coordinate:     0.0000    0.0000    0.0000
 
    n           k   ϵ_nk^DFT (eV)     Σ^c_nk (eV)     Σ^x_nk (eV)    v_nk^xc (eV)   ϵ_nk^G0W0 (eV)
 
    1 (occ)    12          -6.904          -2.028        -238.816         -10.463         -237.285
    2 (occ)    12           5.747          -0.291        -937.011         -11.167         -920.388
    3 (occ)    12           5.747          -0.291        -937.011         -11.167         -920.388
    4 (occ)    12           5.755          -5.503       -1143.580         -11.148        -1132.180
    5 (vir)    12           8.919        -868.601         452.091         -10.540         -397.052
    6 (vir)    12           8.936        -752.885        1224.190         -10.565          490.807
    7 (vir)    12           8.936        -598.596        1224.190         -10.565          645.096
    8 (vir)    12           9.256        -740.027          99.495         -11.340         -619.936
 
 
  kpoint:      13             coordinate:     0.0000    0.0455    0.0455
 
    n           k   ϵ_nk^DFT (eV)     Σ^c_nk (eV)     Σ^x_nk (eV)    v_nk^xc (eV)   ϵ_nk^G0W0 (eV)
 
    1 (occ)    13          -6.867          -1.451        -269.144         -10.463         -267.000
    2 (occ)    13           5.479          -6.583        -995.961         -11.165         -985.899
    3 (occ)    13           5.554           6.909        -897.794         -11.102         -874.229
    4 (occ)    13           5.559          -4.679       -1066.045         -11.088        -1054.078
    5 (vir)    13           8.880        -296.887         886.645         -10.531          609.169
    6 (vir)    13           9.184        -156.824         687.784         -10.612          550.756
    7 (vir)    13           9.195        -215.110        1123.869         -10.628          928.582
    8 (vir)    13           9.505        -222.940         118.367         -11.330          -83.737
 
 
  kpoint:      14             coordinate:     0.0000    0.0909    0.0909
 
    n           k   ϵ_nk^DFT (eV)     Σ^c_nk (eV)     Σ^x_nk (eV)    v_nk^xc (eV)   ϵ_nk^G0W0 (eV)
 
    1 (occ)    14          -6.759         -12.182        -355.082         -10.464         -363.558
    2 (occ)    14           4.831          -3.241       -1041.755         -11.166        -1028.999
    3 (occ)    14           5.105           9.272        -890.770         -10.982         -865.410
    4 (occ)    14           5.109          -6.814       -1058.033         -10.969        -1048.769
    5 (vir)    14           8.745        -524.022         755.990         -10.464          251.178
    6 (vir)    14           9.827        -477.997         630.756         -10.723          173.309
    7 (vir)    14           9.837        -310.211         948.913         -10.739          659.277
    8 (vir)    14          10.077        -437.410         153.201         -11.311         -262.821
 
 
  kpoint:      15             coordinate:     0.0000    0.1364    0.1364
 
    n           k   ϵ_nk^DFT (eV)     Σ^c_nk (eV)     Σ^x_nk (eV)    v_nk^xc (eV)   ϵ_nk^G0W0 (eV)
 
    1 (occ)    15          -6.577          -6.336        -483.284         -10.468         -485.729
    2 (occ)    15           4.020          -6.667       -1121.782         -11.156        -1113.273
    3 (occ)    15           4.579          -4.094        -969.999         -10.874         -958.640
    4 (occ)    15           4.581          -9.571       -1103.413         -10.861        -1097.543
    5 (vir)    15           8.566        -587.385         554.486         -10.375          -13.959
    6 (vir)    15          10.667        -528.214         735.425         -10.837          228.716
    7 (vir)    15          10.678        -427.572         792.720         -10.834          386.660
    8 (vir)    15          10.724        -514.390          70.120         -11.265         -422.282
 
 
  kpoint:      16             coordinate:     0.0000    0.1818    0.1818
 
    n           k   ϵ_nk^DFT (eV)     Σ^c_nk (eV)     Σ^x_nk (eV)    v_nk^xc (eV)   ϵ_nk^G0W0 (eV)
 
    1 (occ)    16          -6.324          -2.093        -636.342         -10.476         -634.284
    2 (occ)    16           3.149          -8.391       -1220.885         -11.135        -1214.993
    3 (occ)    16           4.062         -12.313       -1091.869         -10.784        -1089.336
    4 (occ)    16           4.064         -10.768       -1172.997         -10.771        -1168.930
    5 (vir)    16           8.388        -532.209         326.509         -10.285         -187.027
    6 (vir)    16          11.279        -583.821         326.465         -11.240         -234.837
    7 (vir)    16          11.609        -605.311         482.802         -10.893         -100.007
    8 (vir)    16          11.616        -573.780         658.396         -10.910          107.142
 
 
  kpoint:      17             coordinate:     0.0000    0.2273    0.2273
 
    n           k   ϵ_nk^DFT (eV)     Σ^c_nk (eV)     Σ^x_nk (eV)    v_nk^xc (eV)   ϵ_nk^G0W0 (eV)
 
    1 (occ)    17          -6.001          -0.228        -797.267         -10.489         -793.006
    2 (occ)    17           2.260          -7.847       -1323.169         -11.102        -1317.654
    3 (occ)    17           3.593         -12.492       -1211.348         -10.709        -1209.538
    4 (occ)    17           3.594         -10.820       -1245.554         -10.696        -1242.084
    5 (vir)    17           8.253        -476.669         114.034         -10.210         -344.171
    6 (vir)    17          11.651        -516.133         306.431         -11.171         -186.880
    7 (vir)    17          12.586        -524.817         453.171         -10.951          -48.109
    8 (vir)    17          12.593        -505.873         537.694         -10.970           55.384
 
 
  kpoint:      18             coordinate:     0.0000    0.2727    0.2727
 
    n           k   ϵ_nk^DFT (eV)     Σ^c_nk (eV)     Σ^x_nk (eV)    v_nk^xc (eV)   ϵ_nk^G0W0 (eV)
 
    1 (occ)    18          -5.608          -1.536        -952.670         -10.509         -949.306
    2 (occ)    18           1.373         -12.255       -1415.493         -11.057        -1415.318
    3 (occ)    18           3.187         -11.654       -1302.212         -10.646        -1300.033
    4 (occ)    18           3.188         -10.473       -1310.502         -10.634        -1307.153
    5 (vir)    18           8.192        -404.210         -50.006         -10.160         -435.864
    6 (vir)    18          11.770        -433.923         260.862         -11.071         -150.219
    7 (vir)    18          13.553        -435.027         392.211         -10.999          -18.264
    8 (vir)    18          13.560        -424.387         422.005         -11.018           22.197
 
 
  kpoint:      19             coordinate:     0.0000    0.3182    0.3182
 
    n           k   ϵ_nk^DFT (eV)     Σ^c_nk (eV)     Σ^x_nk (eV)    v_nk^xc (eV)   ϵ_nk^G0W0 (eV)
 
    1 (occ)    19          -5.149          -5.380       -1094.136         -10.537        -1094.128
    2 (occ)    19           0.499         -11.632       -1487.034         -11.001        -1487.166
    3 (occ)    19           2.852         -11.224       -1356.111         -10.596        -1353.888
    4 (occ)    19           2.852         -10.092       -1363.688         -10.584        -1360.343
    5 (vir)    19           8.226         -11.085        -150.181         -10.139         -142.901
    6 (vir)    19          11.622        -241.426         187.303         -10.942          -31.559
    7 (vir)    19          14.462        -200.797         322.691         -11.038          147.394
    8 (vir)    19          14.469        -151.103         303.825         -11.058          178.250
 
 
  kpoint:      20             coordinate:     0.0000    0.3636    0.3636
 
    n           k   ϵ_nk^DFT (eV)     Σ^c_nk (eV)     Σ^x_nk (eV)    v_nk^xc (eV)   ϵ_nk^G0W0 (eV)
 
    1 (occ)    20          -4.625          -9.623       -1217.839         -10.572        -1221.515
    2 (occ)    20          -0.352         -11.414       -1530.459         -10.936        -1531.289
    3 (occ)    20           2.590         -11.189       -1377.747         -10.556        -1375.790
    4 (occ)    20           2.590          -9.797       -1404.170         -10.544        -1400.833
    5 (vir)    20           8.373          10.414        -189.437         -10.149         -160.501
    6 (vir)    20          11.241        -175.520         101.975         -10.793          -51.512
    7 (vir)    20          15.257        -133.130         258.563         -11.068          151.759
    8 (vir)    20          15.265         -99.412         182.663         -11.089          109.604
 
 
  kpoint:      21             coordinate:     0.0000    0.4091    0.4091
 
    n           k   ϵ_nk^DFT (eV)     Σ^c_nk (eV)     Σ^x_nk (eV)    v_nk^xc (eV)   ϵ_nk^G0W0 (eV)
 
    1 (occ)    21          -4.040         -12.590       -1322.801         -10.616        -1328.816
    2 (occ)    21          -1.174         -11.610       -1542.959         -10.866        -1544.878
    3 (occ)    21           2.402         -11.363       -1378.967         -10.528        -1377.399
    4 (occ)    21           2.403          -9.608       -1432.328         -10.517        -1429.016
    5 (vir)    21           8.640          -0.042        -182.871         -10.190         -164.083
    6 (vir)    21          10.706        -133.535          20.474         -10.638          -91.719
    7 (vir)    21          15.881         -90.823         209.329         -11.090          145.479
    8 (vir)    21          15.889         -74.800          70.141         -11.112           22.341
 
 
  kpoint:      22             coordinate:     0.0000    0.4545    0.4545
 
    n           k   ϵ_nk^DFT (eV)     Σ^c_nk (eV)     Σ^x_nk (eV)    v_nk^xc (eV)   ϵ_nk^G0W0 (eV)
 
    1 (occ)    22          -3.398         -11.104       -1408.171         -10.669        -1412.005
    2 (occ)    22          -1.960         -12.243       -1526.386         -10.796        -1529.794
    3 (occ)    22           2.290         -11.562       -1373.000         -10.511        -1371.761
    4 (occ)    22           2.290          -9.507       -1448.858         -10.500        -1445.575
    5 (vir)    22           9.030        -135.197        -147.659         -10.262         -263.564
    6 (vir)    22          10.108        -157.217         -50.654         -10.491         -187.271
    7 (vir)    22          16.281        -127.617         179.353         -11.104           79.121
    8 (vir)    22          16.289        -140.010         -12.067         -11.126         -124.663
 
 
  kpoint:      23             coordinate:     0.0000    0.5000    0.5000
 
    n           k   ϵ_nk^DFT (eV)     Σ^c_nk (eV)     Σ^x_nk (eV)    v_nk^xc (eV)   ϵ_nk^G0W0 (eV)
 
    1 (occ)    23          -2.712         -12.468       -1226.089         -10.724        -1230.544
    2 (occ)    23          -2.694         -11.196       -1731.021         -10.734        -1734.177
    3 (occ)    23           2.253         -11.646       -1369.792         -10.506        -1368.680
    4 (occ)    23           2.253          -9.475       -1454.303         -10.494        -1451.032
    5 (vir)    23           9.518        -126.011          78.760         -10.351          -27.382
    6 (vir)    23           9.543        -163.639        -287.108         -10.376         -430.829
    7 (vir)    23          16.419        -139.297         169.416         -11.109           57.647
    8 (vir)    23          16.427        -142.982         -42.470         -11.130         -157.896
 
 
  kpoint:      24             coordinate:     0.0227    0.5114    0.5114
 
    n           k   ϵ_nk^DFT (eV)     Σ^c_nk (eV)     Σ^x_nk (eV)    v_nk^xc (eV)   ϵ_nk^G0W0 (eV)
 
    1 (occ)    24          -2.714         -12.464       -1225.153         -10.727        -1229.604
    2 (occ)    24          -2.689         -11.204       -1733.233         -10.734        -1736.392
    3 (occ)    24           2.226          -9.516       -1453.343         -10.483        -1450.150
    4 (occ)    24           2.257         -11.632       -1370.023         -10.507        -1368.892
    5 (vir)    24           9.520        -127.859          77.567         -10.352          -30.420
    6 (vir)    24           9.594        -166.032        -285.042         -10.386         -431.094
    7 (vir)    24          16.413        -176.512         -39.898         -11.129         -188.867
    8 (vir)    24          16.415        -156.801         167.952         -11.108           38.674
 
 
  kpoint:      25             coordinate:     0.0455    0.5227    0.5227
 
    n           k   ϵ_nk^DFT (eV)     Σ^c_nk (eV)     Σ^x_nk (eV)    v_nk^xc (eV)   ϵ_nk^G0W0 (eV)
 
    1 (occ)    25          -2.719         -12.452       -1223.718         -10.734        -1228.156
    2 (occ)    25          -2.675         -11.226       -1738.407         -10.735        -1741.573
    3 (occ)    25           2.147          -9.633       -1450.757         -10.451        -1447.792
    4 (occ)    25           2.269         -11.593       -1370.649         -10.509        -1369.463
    5 (vir)    25           9.527        -121.038          73.651         -10.354          -27.505
    6 (vir)    25           9.743        -156.668        -278.070         -10.414         -414.581
    7 (vir)    25          16.372        -170.119         -32.264         -11.127         -174.884
    8 (vir)    25          16.402        -149.275         163.690         -11.106           41.924
 
 
  kpoint:      26             coordinate:     0.0682    0.5341    0.5341
 
    n           k   ϵ_nk^DFT (eV)     Σ^c_nk (eV)     Σ^x_nk (eV)    v_nk^xc (eV)   ϵ_nk^G0W0 (eV)
 
    1 (occ)    26          -2.728         -12.435       -1222.694         -10.745        -1227.112
    2 (occ)    26          -2.650         -11.260       -1745.362         -10.736        -1748.537
    3 (occ)    26           2.026          -9.815       -1447.232         -10.403        -1444.618
    4 (occ)    26           2.289         -11.531       -1371.471         -10.514        -1370.198
    5 (vir)    26           9.537        -113.836          67.655         -10.358          -26.285
    6 (vir)    26           9.981        -146.531        -265.740         -10.455         -391.835
    7 (vir)    26          16.304        -162.732         -19.815         -11.122         -155.121
    8 (vir)    26          16.381        -141.033         157.014         -11.104           43.466
 
 
  kpoint:      27             coordinate:     0.0909    0.5455    0.5455
 
    n           k   ϵ_nk^DFT (eV)     Σ^c_nk (eV)     Σ^x_nk (eV)    v_nk^xc (eV)   ϵ_nk^G0W0 (eV)
 
    1 (occ)    27          -2.743         -12.414       -1221.869         -10.760        -1226.266
    2 (occ)    27          -2.616         -11.303       -1753.887         -10.737        -1757.069
    3 (occ)    27           1.873         -10.044       -1443.447         -10.342        -1441.275
    4 (occ)    27           2.318         -11.452       -1372.175         -10.520        -1370.790
    5 (vir)    27           9.552        -113.085          60.606         -10.364          -32.563
    6 (vir)    27          10.293        -144.632        -247.790         -10.507         -371.622
    7 (vir)    27          16.210        -159.633          -2.927         -11.115         -135.234
    8 (vir)    27          16.352        -139.116         148.522         -11.100           36.857
 
 
  kpoint:      28             coordinate:     0.1136    0.5568    0.5568
 
    n           k   ϵ_nk^DFT (eV)     Σ^c_nk (eV)     Σ^x_nk (eV)    v_nk^xc (eV)   ϵ_nk^G0W0 (eV)
 
    1 (occ)    28          -2.763         -12.391       -1220.969         -10.779        -1225.344
    2 (occ)    28          -2.572         -11.353       -1763.710         -10.739        -1766.896
    3 (occ)    28           1.701         -10.303       -1439.779         -10.275        -1438.105
    4 (occ)    28           2.355         -11.365       -1372.363         -10.528        -1370.845
    5 (vir)    28           9.570        -115.605          53.726         -10.371          -41.937
    6 (vir)    28          10.663        -146.606        -224.336         -10.563         -349.717
    7 (vir)    28          16.091        -158.238          17.935         -11.107         -113.105
    8 (vir)    28          16.315        -140.150         138.977         -11.095           26.237
 
 
  kpoint:      29             coordinate:     0.1364    0.5682    0.5682
 
    n           k   ϵ_nk^DFT (eV)     Σ^c_nk (eV)     Σ^x_nk (eV)    v_nk^xc (eV)   ϵ_nk^G0W0 (eV)
 
    1 (occ)    29          -2.792         -12.364       -1219.784         -10.799        -1224.140
    2 (occ)    29          -2.518         -11.405       -1774.415         -10.740        -1777.597
    3 (occ)    29           1.521         -10.575       -1436.246         -10.205        -1435.095
    4 (occ)    29           2.399         -11.276       -1371.577         -10.537        -1369.916
    5 (vir)    29           9.593        -119.822          48.354         -10.381          -51.495
    6 (vir)    29          11.074        -150.224        -195.965         -10.621         -324.494
    7 (vir)    29          15.949        -157.333          42.265         -11.096          -88.023
    8 (vir)    29          16.271        -142.460         129.225         -11.090           14.126
 
 
  kpoint:      30             coordinate:     0.1591    0.5795    0.5795
 
    n           k   ϵ_nk^DFT (eV)     Σ^c_nk (eV)     Σ^x_nk (eV)    v_nk^xc (eV)   ϵ_nk^G0W0 (eV)
 
    1 (occ)    30          -2.830         -12.328       -1218.124         -10.821        -1222.462
    2 (occ)    30          -2.454         -11.457       -1785.525         -10.743        -1788.692
    3 (occ)    30           1.344         -10.848       -1432.605         -10.136        -1431.973
    4 (occ)    30           2.452         -11.194       -1369.347         -10.549        -1367.541
    5 (vir)    30           9.618        -125.699          45.826         -10.392          -59.862
    6 (vir)    30          11.511        -155.307        -163.621         -10.678         -296.739
    7 (vir)    30          15.784        -157.246          69.562         -11.085          -60.816
    8 (vir)    30          16.221        -146.084         120.118         -11.083            1.339
 
 
  kpoint:      31             coordinate:     0.1818    0.5909    0.5909
 
    n           k   ϵ_nk^DFT (eV)     Σ^c_nk (eV)     Σ^x_nk (eV)    v_nk^xc (eV)   ϵ_nk^G0W0 (eV)
 
    1 (occ)    31          -2.880         -12.275       -1215.788         -10.841        -1220.103
    2 (occ)    31          -2.380         -11.505       -1796.569         -10.745        -1799.707
    3 (occ)    31           1.177         -11.110       -1428.493         -10.071        -1428.356
    4 (occ)    31           2.512         -11.128       -1365.227         -10.562        -1363.282
    5 (vir)    31           9.648        -133.738          47.364         -10.405          -66.322
    6 (vir)    31          11.956        -162.413        -128.464         -10.732         -268.189
    7 (vir)    31          15.599        -158.905          99.357         -11.071          -32.878
    8 (vir)    31          16.165        -151.685         112.413         -11.077          -12.030
 
 
  kpoint:      32             coordinate:     0.2045    0.6023    0.6023
 
    n           k   ϵ_nk^DFT (eV)     Σ^c_nk (eV)     Σ^x_nk (eV)    v_nk^xc (eV)   ϵ_nk^G0W0 (eV)
 
    1 (occ)    32          -2.944         -12.189       -1212.546         -10.857        -1216.821
    2 (occ)    32          -2.296         -11.543       -1807.129         -10.748        -1810.220
    3 (occ)    32           1.029         -11.357       -1423.555         -10.012        -1423.871
    4 (occ)    32           2.580         -11.084       -1358.834         -10.576        -1356.763
    5 (vir)    32           9.679        -144.332          53.970         -10.420          -70.263
    6 (vir)    32          12.396        -171.996         -91.729         -10.782         -240.547
    7 (vir)    32          15.395        -163.001         131.238         -11.057           -5.311
    8 (vir)    32          16.105        -159.776         106.699         -11.070          -25.903
 
 
  kpoint:      33             coordinate:     0.2273    0.6136    0.6136
 
    n           k   ϵ_nk^DFT (eV)     Σ^c_nk (eV)     Σ^x_nk (eV)    v_nk^xc (eV)   ϵ_nk^G0W0 (eV)
 
    1 (occ)    33          -3.023         -12.050       -1208.129         -10.869        -1212.334
    2 (occ)    33          -2.202         -11.566       -1816.872         -10.752        -1819.889
    3 (occ)    33           0.903         -11.583       -1417.527          -9.964        -1418.243
    4 (occ)    33           2.655         -11.066       -1349.887         -10.592        -1347.706
    5 (vir)    33           9.714        -157.561          66.354         -10.437          -71.057
    6 (vir)    33          12.816        -184.171         -54.636         -10.828         -215.164
    7 (vir)    33          15.175        -169.771         164.841         -11.041           21.285
    8 (vir)    33          16.041        -170.501         103.335         -11.063          -40.063
 
 
  kpoint:      34             coordinate:     0.2500    0.6250    0.6250
 
    n           k   ϵ_nk^DFT (eV)     Σ^c_nk (eV)     Σ^x_nk (eV)    v_nk^xc (eV)   ϵ_nk^G0W0 (eV)
 
    1 (occ)    34          -3.117         -11.840       -1202.242         -10.873        -1206.327
    2 (occ)    34          -2.099         -12.928       -1825.557         -10.755        -1829.828
    3 (occ)    34           0.804         -11.788       -1410.277          -9.926        -1411.335
    4 (occ)    34           2.737         -11.077       -1338.231         -10.610        -1335.961
    5 (vir)    34           9.749        -173.207          84.880         -10.456          -68.122
    6 (vir)    34          13.205        -198.771         -18.339         -10.868         -193.037
    7 (vir)    34          14.940        -179.094         199.831         -11.024           46.701
    8 (vir)    34          15.973        -183.690         102.430         -11.056          -54.232
 
