 
  kpoint:       1             coordinate:     0.5000    0.5000    0.5000
 
    n           k   ϵ_nk^DFT (eV)     Σ^c_nk (eV)     Σ^x_nk (eV)    v_nk^xc (eV)   ϵ_nk^G0W0 (eV)
 
    1 (occ)     1          -4.529           0.960        -720.315         -10.822         -713.061
    2 (occ)     1          -1.891         -12.472       -1894.217         -10.059        -1898.521
    3 (occ)     1           4.107         -11.865       -1164.347         -10.911        -1161.194
    4 (occ)     1           4.107         -11.865       -1164.347         -10.911        -1161.194
    5 (vir)     1           8.499        -573.940         219.687         -10.767         -334.986
    6 (vir)     1          11.567        -535.887         658.287         -10.729          144.697
    7 (vir)     1          11.567        -485.150         658.287         -10.729          195.434
    8 (vir)     1          18.048        -531.659         300.487         -11.150         -201.974
 
 
  kpoint:       2             coordinate:     0.4545    0.4545    0.4545
 
    n           k   ϵ_nk^DFT (eV)     Σ^c_nk (eV)     Σ^x_nk (eV)    v_nk^xc (eV)   ϵ_nk^G0W0 (eV)
 
    1 (occ)     2          -4.646           0.945        -747.903         -10.773         -740.831
    2 (occ)     2          -1.719         -12.485       -1847.023         -10.117        -1851.111
    3 (occ)     2           4.127         -11.560       -1156.228         -10.912        -1152.749
    4 (occ)     2           4.127         -11.560       -1156.228         -10.912        -1152.749
    5 (vir)     2           8.505        -575.394         229.813         -10.766         -326.310
    6 (vir)     2          11.535        -535.535         665.433         -10.731          152.164
    7 (vir)     2          11.535        -482.390         665.433         -10.731          205.310
    8 (vir)     2          17.876        -531.106         289.911         -11.149         -212.171
 
 
  kpoint:       3             coordinate:     0.4091    0.4091    0.4091
 
    n           k   ϵ_nk^DFT (eV)     Σ^c_nk (eV)     Σ^x_nk (eV)    v_nk^xc (eV)   ϵ_nk^G0W0 (eV)
 
    1 (occ)     3          -4.929           0.742        -784.035         -10.682         -777.541
    2 (occ)     3          -1.272         -12.576       -1754.926         -10.234        -1758.541
    3 (occ)     3           4.187         -10.753       -1136.484         -10.916        -1132.135
    4 (occ)     3           4.187         -10.753       -1136.484         -10.916        -1132.135
    5 (vir)     3           8.522        -577.282         250.492         -10.765         -307.503
    6 (vir)     3          11.436        -532.614         682.345         -10.736          171.903
    7 (vir)     3          11.436        -473.057         682.345         -10.736          231.461
    8 (vir)     3          17.383        -527.651         259.159         -11.146         -239.963
 
 
  kpoint:       4             coordinate:     0.3636    0.3636    0.3636
 
    n           k   ϵ_nk^DFT (eV)     Σ^c_nk (eV)     Σ^x_nk (eV)    v_nk^xc (eV)   ϵ_nk^G0W0 (eV)
 
    1 (occ)     4          -5.276           0.514        -791.716         -10.605         -785.873
    2 (occ)     4          -0.651         -12.694       -1661.530         -10.353        -1664.523
    3 (occ)     4           4.286          -9.800       -1114.605         -10.924        -1109.196
    4 (occ)     4           4.286          -9.800       -1114.605         -10.924        -1109.196
    5 (vir)     4           8.553        -573.390         267.464         -10.763         -286.610
    6 (vir)     4          11.271        -522.391         697.578         -10.742          197.200
    7 (vir)     4          11.271        -454.393         697.578         -10.742          265.198
    8 (vir)     4          16.628        -516.725         210.324         -11.142         -278.631
 
 
  kpoint:       5             coordinate:     0.3182    0.3182    0.3182
 
    n           k   ϵ_nk^DFT (eV)     Σ^c_nk (eV)     Σ^x_nk (eV)    v_nk^xc (eV)   ϵ_nk^G0W0 (eV)
 
    1 (occ)     5          -5.625           0.197        -775.866         -10.550         -770.745
    2 (occ)     5           0.081         -12.572       -1567.844         -10.464        -1569.871
    3 (occ)     5           4.424          -9.052       -1095.684         -10.935        -1089.377
    4 (occ)     5           4.424          -9.052       -1095.684         -10.935        -1089.377
    5 (vir)     5           8.597        -558.040         288.347         -10.764         -250.333
    6 (vir)     5          11.038        -500.684         699.694         -10.745          220.793
    7 (vir)     5          11.038        -424.210         699.694         -10.745          297.267
    8 (vir)     5          15.687        -494.311         144.801         -11.138         -322.685
 
 
  kpoint:       6             coordinate:     0.2727    0.2727    0.2727
 
    n           k   ϵ_nk^DFT (eV)     Σ^c_nk (eV)     Σ^x_nk (eV)    v_nk^xc (eV)   ϵ_nk^G0W0 (eV)
 
    1 (occ)     6          -5.949          -0.372        -743.003         -10.513         -738.812
    2 (occ)     6           0.896         -11.881       -1468.990         -10.572        -1469.403
    3 (occ)     6           4.598          -8.513       -1074.698         -10.953        -1067.660
    4 (occ)     6           4.598          -8.513       -1074.698         -10.953        -1067.660
    5 (vir)     6           8.655        -532.724         346.261         -10.769         -167.039
    6 (vir)     6          10.741        -469.577         687.922         -10.743          239.830
    7 (vir)     6          10.741        -385.381         687.922         -10.743          324.026
    8 (vir)     6          14.635        -462.561          62.353         -11.136         -374.436
 
 
  kpoint:       7             coordinate:     0.2273    0.2273    0.2273
 
    n           k   ϵ_nk^DFT (eV)     Σ^c_nk (eV)     Σ^x_nk (eV)    v_nk^xc (eV)   ϵ_nk^G0W0 (eV)
 
    1 (occ)     7          -6.234          -1.369        -689.021         -10.489         -686.134
    2 (occ)     7           1.776         -10.600       -1366.954         -10.678        -1365.100
    3 (occ)     7           4.806          -7.735       -1040.833         -10.977        -1032.785
    4 (occ)     7           4.806          -7.735       -1040.833         -10.977        -1032.785
    5 (vir)     7           8.727        -511.516         468.922         -10.779          -23.088
    6 (vir)     7          10.391        -442.336         680.353         -10.732          259.140
    7 (vir)     7          10.391        -350.097         680.353         -10.732          351.379
    8 (vir)     7          13.533        -434.650         -37.183         -11.134         -447.166
 
 
  kpoint:       8             coordinate:     0.1818    0.1818    0.1818
 
    n           k   ϵ_nk^DFT (eV)     Σ^c_nk (eV)     Σ^x_nk (eV)    v_nk^xc (eV)   ϵ_nk^G0W0 (eV)
 
    1 (occ)     8          -6.472          -3.184        -605.658         -10.475         -604.839
    2 (occ)     8           2.706          -9.100       -1270.133         -10.784        -1265.742
    3 (occ)     8           5.039          -3.858        -990.444         -11.010         -978.253
    4 (occ)     8           5.039          -3.858        -990.444         -11.010         -978.253
    5 (vir)     8           8.809        -518.264         641.351         -10.793          142.688
    6 (vir)     8          10.008        -440.565         710.484         -10.709          290.636
    7 (vir)     8          10.008        -336.967         710.484         -10.709          394.235
    8 (vir)     8          12.425        -431.932        -149.484         -11.132         -557.859
 
 
  kpoint:       9             coordinate:     0.1364    0.1364    0.1364
 
    n           k   ϵ_nk^DFT (eV)     Σ^c_nk (eV)     Σ^x_nk (eV)    v_nk^xc (eV)   ϵ_nk^G0W0 (eV)
 
    1 (occ)     9          -6.660          -6.415        -493.632         -10.467         -496.239
    2 (occ)     9           3.664          -7.686       -1189.757         -10.890        -1182.889
    3 (occ)     9           5.283           5.763        -938.255         -11.053         -916.156
    4 (occ)     9           5.283           5.763        -938.255         -11.053         -916.156
    5 (vir)     9           8.893        -572.620         804.622         -10.805          251.699
    6 (vir)     9           9.622        -481.185         808.329         -10.673          347.440
    7 (vir)     9           9.622        -359.271         808.329         -10.673          469.353
    8 (vir)     9          11.344        -471.025        -260.901         -11.131         -709.451
 
 
  kpoint:      10             coordinate:     0.0909    0.0909    0.0909
 
    n           k   ϵ_nk^DFT (eV)     Σ^c_nk (eV)     Σ^x_nk (eV)    v_nk^xc (eV)   ϵ_nk^G0W0 (eV)
 
    1 (occ)    10          -6.795         -11.513        -372.084         -10.464         -379.928
    2 (occ)    10           4.601          -6.466       -1138.179         -10.995        -1129.049
    3 (occ)    10           5.511           6.934        -912.123         -11.102         -888.576
    4 (occ)    10           5.511           6.934        -912.123         -11.102         -888.576
    5 (vir)    10           8.962        -673.725         897.450         -10.795          243.481
    6 (vir)    10           9.277        -563.117         972.488         -10.628          429.276
    7 (vir)    10           9.277        -415.639         972.488         -10.628          576.754
    8 (vir)    10          10.340         -10.075        -343.289         -11.140         -331.884
 
 
  kpoint:      11             coordinate:     0.0455    0.0455    0.0455
 
    n           k   ϵ_nk^DFT (eV)     Σ^c_nk (eV)     Σ^x_nk (eV)    v_nk^xc (eV)   ϵ_nk^G0W0 (eV)
 
    1 (occ)    11          -6.877          -0.695        -275.720         -10.463         -272.829
    2 (occ)    11           5.398          -5.672       -1128.621         -11.094        -1117.802
    3 (occ)    11           5.682           1.793        -922.978         -11.147         -904.356
    4 (occ)    11           5.682           1.793        -922.978         -11.147         -904.356
    5 (vir)    11           8.983           5.826         839.306         -10.682          864.797
    6 (vir)    11           9.029           1.848        1145.902         -10.585         1167.364
    7 (vir)    11           9.029          -3.455        1145.902         -10.585         1162.060
    8 (vir)    11           9.539           1.406        -293.589         -11.226         -271.418
 
 
  kpoint:      12             coordinate:     0.0000    0.0000    0.0000
 
    n           k   ϵ_nk^DFT (eV)     Σ^c_nk (eV)     Σ^x_nk (eV)    v_nk^xc (eV)   ϵ_nk^G0W0 (eV)
 
    1 (occ)    12          -6.904          -2.026        -238.814         -10.463         -237.281
    2 (occ)    12           5.747          -0.286        -937.056         -11.167         -920.428
    3 (occ)    12           5.747          -0.286        -937.056         -11.167         -920.428
    4 (occ)    12           5.755          -5.508       -1143.633         -11.148        -1132.238
    5 (vir)    12           8.919        -868.577         451.982         -10.540         -397.136
    6 (vir)    12           8.936        -752.854        1224.157         -10.565          490.805
    7 (vir)    12           8.936        -598.557        1224.157         -10.565          645.102
    8 (vir)    12           9.256        -739.996          99.432         -11.340         -619.968
 
 
  kpoint:      13             coordinate:     0.0000    0.0455    0.0455
 
    n           k   ϵ_nk^DFT (eV)     Σ^c_nk (eV)     Σ^x_nk (eV)    v_nk^xc (eV)   ϵ_nk^G0W0 (eV)
 
    1 (occ)    13          -6.867          -1.460        -269.140         -10.463         -267.005
    2 (occ)    13           5.479          -6.575        -996.000         -11.165         -985.931
    3 (occ)    13           5.554           6.882        -897.830         -11.102         -874.292
    4 (occ)    13           5.559          -4.687       -1066.089         -11.088        -1054.129
    5 (vir)    13           8.880        -296.851         886.598         -10.531          609.158
    6 (vir)    13           9.184        -156.801         687.717         -10.612          550.712
    7 (vir)    13           9.195        -215.071        1123.842         -10.628          928.595
    8 (vir)    13           9.505        -222.907         118.311         -11.330          -83.760
 
 
  kpoint:      14             coordinate:     0.0000    0.0909    0.0909
 
    n           k   ϵ_nk^DFT (eV)     Σ^c_nk (eV)     Σ^x_nk (eV)    v_nk^xc (eV)   ϵ_nk^G0W0 (eV)
 
    1 (occ)    14          -6.759         -12.179        -355.074         -10.464         -363.548
    2 (occ)    14           4.831          -3.260       -1041.775         -11.166        -1029.038
    3 (occ)    14           5.105           9.221        -890.784         -10.982         -865.476
    4 (occ)    14           5.109          -6.822       -1058.059         -10.969        -1048.803
    5 (vir)    14           8.745        -524.017         755.972         -10.464          251.164
    6 (vir)    14           9.827        -478.004         630.726         -10.723          173.273
    7 (vir)    14           9.837        -310.216         948.907         -10.739          659.267
    8 (vir)    14          10.077        -437.412         153.171         -11.311         -262.853
 
 
  kpoint:      15             coordinate:     0.0000    0.1364    0.1364
 
    n           k   ϵ_nk^DFT (eV)     Σ^c_nk (eV)     Σ^x_nk (eV)    v_nk^xc (eV)   ϵ_nk^G0W0 (eV)
 
    1 (occ)    15          -6.577          -6.333        -483.270         -10.468         -485.713
    2 (occ)    15           4.020          -6.672       -1121.779         -11.156        -1113.274
    3 (occ)    15           4.579          -4.106        -969.991         -10.874         -958.644
    4 (occ)    15           4.581          -9.576       -1103.419         -10.861        -1097.553
    5 (vir)    15           8.566        -587.404         554.503         -10.375          -13.961
    6 (vir)    15          10.667        -528.232         735.456         -10.837          228.729
    7 (vir)    15          10.678        -427.580         792.750         -10.834          386.683
    8 (vir)    15          10.724        -514.405          70.125         -11.265         -422.292
 
 
  kpoint:      16             coordinate:     0.0000    0.1818    0.1818
 
    n           k   ϵ_nk^DFT (eV)     Σ^c_nk (eV)     Σ^x_nk (eV)    v_nk^xc (eV)   ϵ_nk^G0W0 (eV)
 
    1 (occ)    16          -6.324          -2.092        -636.324         -10.476         -634.264
    2 (occ)    16           3.149          -8.390       -1220.863         -11.135        -1214.968
    3 (occ)    16           4.062         -12.307       -1091.845         -10.784        -1089.306
    4 (occ)    16           4.064         -10.770       -1172.985         -10.771        -1168.921
    5 (vir)    16           8.388        -532.278         326.557         -10.285         -187.047
    6 (vir)    16          11.279        -583.894         326.521         -11.240         -234.854
    7 (vir)    16          11.609        -605.385         482.881         -10.893         -100.002
    8 (vir)    16          11.616        -573.852         658.465         -10.910          107.139
 
 
  kpoint:      17             coordinate:     0.0000    0.2273    0.2273
 
    n           k   ϵ_nk^DFT (eV)     Σ^c_nk (eV)     Σ^x_nk (eV)    v_nk^xc (eV)   ϵ_nk^G0W0 (eV)
 
    1 (occ)    17          -6.001          -0.228        -797.247         -10.489         -792.986
    2 (occ)    17           2.260          -7.845       -1323.138         -11.102        -1317.621
    3 (occ)    17           3.593         -12.487       -1211.318         -10.709        -1209.502
    4 (occ)    17           3.594         -10.821       -1245.533         -10.696        -1242.064
    5 (vir)    17           8.253        -476.769         114.100         -10.210         -344.205
    6 (vir)    17          11.651        -516.239         306.514         -11.171         -186.903
    7 (vir)    17          12.586        -524.920         453.294         -10.951          -48.090
    8 (vir)    17          12.593        -505.976         537.791         -10.970           55.377
 
 
  kpoint:      18             coordinate:     0.0000    0.2727    0.2727
 
    n           k   ϵ_nk^DFT (eV)     Σ^c_nk (eV)     Σ^x_nk (eV)    v_nk^xc (eV)   ϵ_nk^G0W0 (eV)
 
    1 (occ)    18          -5.608          -1.537        -952.651         -10.509         -949.288
    2 (occ)    18           1.373         -12.254       -1415.464         -11.057        -1415.288
    3 (occ)    18           3.187         -11.651       -1302.186         -10.646        -1300.003
    4 (occ)    18           3.188         -10.474       -1310.480         -10.634        -1307.132
    5 (vir)    18           8.192        -404.314         -49.941         -10.160         -435.902
    6 (vir)    18          11.770        -434.033         260.947         -11.071         -150.245
    7 (vir)    18          13.553        -435.132         392.343         -10.999          -18.237
    8 (vir)    18          13.560        -424.493         422.104         -11.018           22.190
 
 
  kpoint:      19             coordinate:     0.0000    0.3182    0.3182
 
    n           k   ϵ_nk^DFT (eV)     Σ^c_nk (eV)     Σ^x_nk (eV)    v_nk^xc (eV)   ϵ_nk^G0W0 (eV)
 
    1 (occ)    19          -5.149          -5.376       -1094.122         -10.537        -1094.111
    2 (occ)    19           0.499         -11.632       -1487.015         -11.001        -1487.146
    3 (occ)    19           2.852         -11.222       -1356.097         -10.596        -1353.871
    4 (occ)    19           2.852         -10.091       -1363.673         -10.584        -1360.328
    5 (vir)    19           8.226         -10.877        -150.135         -10.139         -142.647
    6 (vir)    19          11.622        -241.410         187.364         -10.942          -31.483
    7 (vir)    19          14.462        -200.745         322.790         -11.038          147.545
    8 (vir)    19          14.469        -151.011         303.894         -11.058          178.411
 
 
  kpoint:      20             coordinate:     0.0000    0.3636    0.3636
 
    n           k   ϵ_nk^DFT (eV)     Σ^c_nk (eV)     Σ^x_nk (eV)    v_nk^xc (eV)   ϵ_nk^G0W0 (eV)
 
    1 (occ)    20          -4.625          -9.613       -1217.834         -10.572        -1221.500
    2 (occ)    20          -0.352         -11.413       -1530.454         -10.936        -1531.283
    3 (occ)    20           2.590         -11.187       -1377.749         -10.556        -1375.789
    4 (occ)    20           2.590          -9.797       -1404.166         -10.544        -1400.828
    5 (vir)    20           8.373          10.389        -189.424         -10.149         -160.513
    6 (vir)    20          11.241        -175.538         101.993         -10.793          -51.512
    7 (vir)    20          15.257        -133.146         258.593         -11.068          151.772
    8 (vir)    20          15.265         -99.432         182.674         -11.089          109.597
 
 
  kpoint:      21             coordinate:     0.0000    0.4091    0.4091
 
    n           k   ϵ_nk^DFT (eV)     Σ^c_nk (eV)     Σ^x_nk (eV)    v_nk^xc (eV)   ϵ_nk^G0W0 (eV)
 
    1 (occ)    21          -4.040         -12.581       -1322.805         -10.616        -1328.810
    2 (occ)    21          -1.174         -11.609       -1542.966         -10.866        -1544.883
    3 (occ)    21           2.402         -11.362       -1378.983         -10.528        -1377.414
    4 (occ)    21           2.403          -9.607       -1432.335         -10.517        -1429.022
    5 (vir)    21           8.640          -0.017        -182.894         -10.190         -164.080
    6 (vir)    21          10.706        -133.468          20.447         -10.638          -91.678
    7 (vir)    21          15.881         -90.768         209.274         -11.090          145.478
    8 (vir)    21          15.889         -74.751          70.085         -11.112           22.335
 
 
  kpoint:      22             coordinate:     0.0000    0.4545    0.4545
 
    n           k   ϵ_nk^DFT (eV)     Σ^c_nk (eV)     Σ^x_nk (eV)    v_nk^xc (eV)   ϵ_nk^G0W0 (eV)
 
    1 (occ)    22          -3.398         -11.102       -1408.183         -10.669        -1412.015
    2 (occ)    22          -1.960         -12.241       -1526.400         -10.796        -1529.805
    3 (occ)    22           2.290         -11.561       -1373.027         -10.511        -1371.787
    4 (occ)    22           2.290          -9.505       -1448.874         -10.500        -1445.589
    5 (vir)    22           9.030        -134.955        -147.713         -10.262         -263.377
    6 (vir)    22          10.108        -156.905         -50.711         -10.491         -187.017
    7 (vir)    22          16.281        -127.268         179.229         -11.104           79.346
    8 (vir)    22          16.289        -139.709         -12.178         -11.126         -124.472
 
 
  kpoint:      23             coordinate:     0.0000    0.5000    0.5000
 
    n           k   ϵ_nk^DFT (eV)     Σ^c_nk (eV)     Σ^x_nk (eV)    v_nk^xc (eV)   ϵ_nk^G0W0 (eV)
 
    1 (occ)    23          -2.712         -12.468       -1226.113         -10.724        -1230.569
    2 (occ)    23          -2.694         -11.195       -1731.027         -10.734        -1734.183
    3 (occ)    23           2.253         -11.645       -1369.823         -10.506        -1368.710
    4 (occ)    23           2.253          -9.473       -1454.321         -10.494        -1451.048
    5 (vir)    23           9.518        -125.912          78.651         -10.351          -27.392
    6 (vir)    23           9.543        -163.510        -287.134         -10.376         -430.725
    7 (vir)    23          16.419        -139.133         169.265         -11.109           57.659
    8 (vir)    23          16.427        -142.852         -42.601         -11.130         -157.896
 
 
  kpoint:      24             coordinate:     0.0227    0.5114    0.5114
 
    n           k   ϵ_nk^DFT (eV)     Σ^c_nk (eV)     Σ^x_nk (eV)    v_nk^xc (eV)   ϵ_nk^G0W0 (eV)
 
    1 (occ)    24          -2.714         -12.464       -1225.177         -10.727        -1229.628
    2 (occ)    24          -2.689         -11.203       -1733.239         -10.734        -1736.397
    3 (occ)    24           2.226          -9.514       -1453.361         -10.483        -1450.166
    4 (occ)    24           2.257         -11.631       -1370.053         -10.507        -1368.921
    5 (vir)    24           9.520        -126.946          77.462         -10.352          -29.612
    6 (vir)    24           9.594        -164.819        -285.066         -10.386         -429.905
    7 (vir)    24          16.413        -175.791         -40.023         -11.129         -188.272
    8 (vir)    24          16.415        -155.852         167.807         -11.108           39.478
 
 
  kpoint:      25             coordinate:     0.0455    0.5227    0.5227
 
    n           k   ϵ_nk^DFT (eV)     Σ^c_nk (eV)     Σ^x_nk (eV)    v_nk^xc (eV)   ϵ_nk^G0W0 (eV)
 
    1 (occ)    25          -2.719         -12.452       -1223.739         -10.734        -1228.177
    2 (occ)    25          -2.675         -11.225       -1738.412         -10.735        -1741.577
    3 (occ)    25           2.147          -9.632       -1450.772         -10.451        -1447.805
    4 (occ)    25           2.269         -11.592       -1370.676         -10.509        -1369.489
    5 (vir)    25           9.527        -119.999          73.560         -10.354          -26.558
    6 (vir)    25           9.743        -155.287        -278.091         -10.414         -413.222
    7 (vir)    25          16.372        -169.288         -32.375         -11.127         -174.165
    8 (vir)    25          16.402        -148.192         163.565         -11.106           42.882
 
 
  kpoint:      26             coordinate:     0.0682    0.5341    0.5341
 
    n           k   ϵ_nk^DFT (eV)     Σ^c_nk (eV)     Σ^x_nk (eV)    v_nk^xc (eV)   ϵ_nk^G0W0 (eV)
 
    1 (occ)    26          -2.728         -12.435       -1222.710         -10.745        -1227.129
    2 (occ)    26          -2.650         -11.260       -1745.366         -10.736        -1748.540
    3 (occ)    26           2.026          -9.813       -1447.244         -10.403        -1444.629
    4 (occ)    26           2.289         -11.530       -1371.493         -10.514        -1370.219
    5 (vir)    26           9.537        -113.441          67.585         -10.358          -25.961
    6 (vir)    26           9.981        -146.009        -265.756         -10.455         -391.328
    7 (vir)    26          16.304        -162.381         -19.903         -11.122         -154.858
    8 (vir)    26          16.381        -140.610         156.919         -11.104           43.793
 
 
  kpoint:      27             coordinate:     0.0909    0.5455    0.5455
 
    n           k   ϵ_nk^DFT (eV)     Σ^c_nk (eV)     Σ^x_nk (eV)    v_nk^xc (eV)   ϵ_nk^G0W0 (eV)
 
    1 (occ)    27          -2.743         -12.415       -1221.879         -10.760        -1226.276
    2 (occ)    27          -2.616         -11.303       -1753.888         -10.737        -1757.070
    3 (occ)    27           1.873         -10.043       -1443.455         -10.342        -1441.282
    4 (occ)    27           2.318         -11.451       -1372.191         -10.520        -1370.804
    5 (vir)    27           9.552        -112.881          60.563         -10.364          -32.402
    6 (vir)    27          10.293        -144.363        -247.798         -10.507         -371.361
    7 (vir)    27          16.210        -159.403          -2.985         -11.115         -135.062
    8 (vir)    27          16.352        -138.882         148.465         -11.100           37.034
 
 
  kpoint:      28             coordinate:     0.1136    0.5568    0.5568
 
    n           k   ϵ_nk^DFT (eV)     Σ^c_nk (eV)     Σ^x_nk (eV)    v_nk^xc (eV)   ϵ_nk^G0W0 (eV)
 
    1 (occ)    28          -2.763         -12.392       -1220.972         -10.779        -1225.348
    2 (occ)    28          -2.572         -11.352       -1763.709         -10.739        -1766.894
    3 (occ)    28           1.701         -10.302       -1439.783         -10.275        -1438.108
    4 (occ)    28           2.355         -11.364       -1372.371         -10.528        -1370.852
    5 (vir)    28           9.570        -115.454          53.714         -10.371          -41.798
    6 (vir)    28          10.663        -146.409        -224.335         -10.563         -349.518
    7 (vir)    28          16.091        -158.035          17.911         -11.107         -112.926
    8 (vir)    28          16.315        -139.966         138.961         -11.095           26.405
 
 
  kpoint:      29             coordinate:     0.1364    0.5682    0.5682
 
    n           k   ϵ_nk^DFT (eV)     Σ^c_nk (eV)     Σ^x_nk (eV)    v_nk^xc (eV)   ϵ_nk^G0W0 (eV)
 
    1 (occ)    29          -2.792         -12.365       -1219.779         -10.799        -1224.137
    2 (occ)    29          -2.518         -11.405       -1774.412         -10.740        -1777.593
    3 (occ)    29           1.521         -10.574       -1436.246         -10.205        -1435.094
    4 (occ)    29           2.399         -11.275       -1371.577         -10.537        -1369.916
    5 (vir)    29           9.593        -119.715          48.374         -10.381          -51.367
    6 (vir)    29          11.074        -150.084        -195.952         -10.621         -324.341
    7 (vir)    29          15.949        -157.175          42.276         -11.096          -87.854
    8 (vir)    29          16.271        -142.325         129.253         -11.090           14.289
 
 
  kpoint:      30             coordinate:     0.1591    0.5795    0.5795
 
    n           k   ϵ_nk^DFT (eV)     Σ^c_nk (eV)     Σ^x_nk (eV)    v_nk^xc (eV)   ϵ_nk^G0W0 (eV)
 
    1 (occ)    30          -2.830         -12.330       -1218.112         -10.821        -1222.452
    2 (occ)    30          -2.454         -11.457       -1785.519         -10.743        -1788.686
    3 (occ)    30           1.344         -10.847       -1432.602         -10.136        -1431.969
    4 (occ)    30           2.452         -11.193       -1369.340         -10.549        -1367.533
    5 (vir)    30           9.618        -125.644          45.877         -10.392          -59.756
    6 (vir)    30          11.511        -155.234        -163.597         -10.678         -296.643
    7 (vir)    30          15.784        -157.159          69.606         -11.085          -60.685
    8 (vir)    30          16.221        -146.012         120.185         -11.083            1.477
 
 
  kpoint:      31             coordinate:     0.1818    0.5909    0.5909
 
    n           k   ϵ_nk^DFT (eV)     Σ^c_nk (eV)     Σ^x_nk (eV)    v_nk^xc (eV)   ϵ_nk^G0W0 (eV)
 
    1 (occ)    31          -2.880         -12.277       -1215.771         -10.841        -1220.088
    2 (occ)    31          -2.380         -11.505       -1796.560         -10.745        -1799.699
    3 (occ)    31           1.177         -11.110       -1428.487         -10.071        -1428.349
    4 (occ)    31           2.512         -11.127       -1365.213         -10.562        -1363.267
    5 (vir)    31           9.648        -133.731          47.442         -10.405          -66.236
    6 (vir)    31          11.956        -162.401        -128.429         -10.732         -268.142
    7 (vir)    31          15.599        -158.884          99.430         -11.071          -32.783
    8 (vir)    31          16.165        -151.672         112.513         -11.077          -11.916
 
 
  kpoint:      32             coordinate:     0.2045    0.6023    0.6023
 
    n           k   ϵ_nk^DFT (eV)     Σ^c_nk (eV)     Σ^x_nk (eV)    v_nk^xc (eV)   ϵ_nk^G0W0 (eV)
 
    1 (occ)    32          -2.944         -12.192       -1212.524         -10.857        -1216.802
    2 (occ)    32          -2.296         -11.544       -1807.119         -10.748        -1810.210
    3 (occ)    32           1.029         -11.356       -1423.547         -10.012        -1423.862
    4 (occ)    32           2.580         -11.083       -1358.815         -10.576        -1356.742
    5 (vir)    32           9.679        -144.359          54.069         -10.420          -70.191
    6 (vir)    32          12.396        -172.027         -91.684         -10.782         -240.532
    7 (vir)    32          15.395        -163.026         131.334         -11.057           -5.241
    8 (vir)    32          16.105        -159.804         106.823         -11.070          -25.805
 
 
  kpoint:      33             coordinate:     0.2273    0.6136    0.6136
 
    n           k   ϵ_nk^DFT (eV)     Σ^c_nk (eV)     Σ^x_nk (eV)    v_nk^xc (eV)   ϵ_nk^G0W0 (eV)
 
    1 (occ)    33          -3.023         -12.054       -1208.105         -10.869        -1212.312
    2 (occ)    33          -2.202         -11.567       -1816.861         -10.752        -1819.878
    3 (occ)    33           0.903         -11.583       -1417.517          -9.964        -1418.233
    4 (occ)    33           2.655         -11.066       -1349.864         -10.592        -1347.682
    5 (vir)    33           9.714        -157.611          66.466         -10.437          -70.994
    6 (vir)    33          12.816        -184.228         -54.584         -10.828         -215.168
    7 (vir)    33          15.175        -169.823         164.950         -11.041           21.342
    8 (vir)    33          16.041        -170.554         103.473         -11.063          -39.977
 
 
  kpoint:      34             coordinate:     0.2500    0.6250    0.6250
 
    n           k   ϵ_nk^DFT (eV)     Σ^c_nk (eV)     Σ^x_nk (eV)    v_nk^xc (eV)   ϵ_nk^G0W0 (eV)
 
    1 (occ)    34          -3.117         -11.843       -1202.218         -10.873        -1206.305
    2 (occ)    34          -2.099         -12.927       -1825.545         -10.755        -1829.815
    3 (occ)    34           0.804         -11.789       -1410.267          -9.926        -1411.325
    4 (occ)    34           2.737         -11.076       -1338.207         -10.610        -1335.935
    5 (vir)    34           9.749        -173.268          84.996         -10.456          -68.067
    6 (vir)    34          13.205        -198.841         -18.283         -10.868         -193.051
    7 (vir)    34          14.940        -179.160         199.944         -11.024           46.749
    8 (vir)    34          15.973        -183.756         102.570         -11.056          -54.157
 
